00000000100111001110000100010111
00000000100000101011100100111111
00000000111111111001111111001110
00000000011100111011110100101011
00000000001101110111101101100101
00000000010110001011100001101110
00000000000000001101000100010100
00000000101110110101001001011011
00000000110010011110011110111001
00000000111001001110110100011100
00000000111000111110101110100111
00000000000001001100001011000110
00000000100100111111101010100100
00000000110100010100110111010110
00000000101011100110110100111000
00000000011010000100011101101100