000011000000000110001000000001
000000000000000001000010000010
000001011000000000100100000000
000000000010000100000001000100
000000000100001000000001000101
000000000000100000000100000000
000000000010000100000001000111
000000000100001000000001001000
000000010000100000000100000000
000000000010000100000001001010
000000000000001000010000000101
000000000010000100000001001100
000000000000001000010000001101
000000000000000010000100001110
000000000000100000000010000000
000000000000000100010000010000
000000000010001000000001010001
000000000000000010000100010010
000000000001000000000001000000
000000000010100000001000010100
000000000000000000100001000000
000000000000000000000000010101
000000000000000100000001010111
000000000010001000000001011000
000000001000010000000100011001
000010000000000000000000000000
000000000000000100001000011011
000000000000001000010000011100
000000000000000000100100000000
000000100000010000000001011111
000000100010010000000001011111
000010000000000000000000000000
000000000010000100000001100010
000000000100000100000001100010
000000100000100000000100000000
000000000000000100001000100100
000000000000001000010000100101
000000000000100000000100000000
000000000000000100000001100111
000000000010001000000001101000
000000100010100000000100101001
000000101000100000000100000000
001100000110100000001000101011
010000000000000010000000101100
000000000000000000100010000000
000000000000000000000000000000
000000000000000000000000000000
000100000000000000000000000000
000000000110000000100001110001
000100000000000000000000000000
100000000000000000010000110011
010000000000100000000000110100
100000000010000000000001000000
000000000000000000000000000000
000000000000000000000000000000
000000000000000000000000000000
000000000000000000000000000000
000000000000000000000000000000
000000000000000000000000000000
000000000000000000000000000000
000000000000000000000000000000
000000000000000000000000000000
000000000000000000000000000000
000000000000000000000000000000